0003
0002
0002
0003
0002
0002
0003
0003
0003
0003
0004
0003
0003
0004
0005
0008
0005
0005
0004
0004
0005
000a
0007
0007
0006
0008
000c
000a
000c
000c
000b
000a
000b
000b
000d
000e
0012
0010
000d
000e
0011
000e
000b
000b
0010
0016
0010
0011
0013
0014
0015
0015
0015
000c
000f
0017
0018
0016
0014
0018
0012
0014
0015
0014
0003
0004
0004
0005
0004
0005
0009
0005
0005
0009
0014
000d
000b
000d
0014
0014
0014
0014
0014
0014
0014
0014
0014
0014
0014
0014
0014
0014
0014
0014
0014
0014
0014
0014
0014
0014
0014
0014
0014
0014
0014
0014
0014
0014
0014
0014
0014
0014
0014
0014
0014
0014
0014
0014
0014
0014
0014
0014
0014
0014
0014
0014
0014
0014
0000
0000
0000
0000
0000
0000
0000
0000
0000
0000
0000
0000
0000
0000
0000
0000
0000
0000
0000
0000
0000
0000
0000
0000
0000
0000
0000
0000
0000
0000
0000
0000
0000
0000
0000
0000
0000
0000
0000
0000
0000
0000
0000
0000
0000
0000
0000
0000
0000
0000
0000
0000
0000
0000
0000
0000
0000
0000
0000
0000
0000
0000
0000
0000
0000
0000
0000
0000
0000
0000
0000
0000
0000
0000
0000
0000
0000
0000
0000
0000
0000
0000
0000
0000
0000
0000
0000
0000
0000
0000
0000
0000
0000
0000
0000
0000
0000
0000
0000
0000
0000
0000
0000
0000
0000
0000
0000
0000
0000
0000
0000
0000
0000
0000
0000
0000
0000
0000
0000
0000
0000
0000
0000
0000
0000
0000
0000
0000
